Background 0 0 0 0
Turtle 220 220 0 235
Ground 140 140 -10 350 0 -70
Ground 140 140 110 350 0 -70
Ground 140 140 380 350 -20 -70
Ground 140 140 650 350 -20 -70
Ground 140 140 920 350 -20 -70
Ground 140 140 1180 350 -20 -70
Leaf 60 60 425 300
Leaf 60 60 695 300
Leaf 60 60 965 300
Sign 90 90 1190 280
Lava 250 250 200 500 0 -60
Lava 250 250 460 500 0 -60
Lava 250 250 720 500 0 -60
Lava 250 250 980 500 0 -60
Ground 130 130 114 320 0 0 true
Ground 130 130 384 320 0 0 true
Ground 130 130 654 320 0 0 true
Ground 130 130 919 320 0 0 true
Button 40 40 430 400 0 0 1
Button 40 40 700 400 0 0 2
Button 40 40 970 400 0 0 3